Lista aleatoria
Bubble: 0.010152000002563
Insertion: 0.008532400010153651
Heap: 0.003703900147229433
Merge: 0.000812100013718009
Quick: 0.00047459988854825497

Lista ordenada
Bubble: 2.850010059773922e-05
Insertion: 2.12998129427433e-05
Heap: 0.003238899866119027
Merge: 0.000685499981045723
Quick: 0.00021270010620355606

Lista inversamente ordenada
Bubble: 0.0128994002006948
Insertion: 0.01557620009407401
Heap: 0.0030439000111073256
Merge: 0.0007182999979704618
Quick: 0.0002465001307427883

